12
55
50
49
29
66
55
24
18
64
57
20
62
32
30
65
26
25
24
66
74
75
44
42
33
32
57
16
28
29
68
70
33
55
76
78
47
45
16
64
31
77
48
47
15
64
21
56
17
18
71
72
23
60
61
15
69
38
36
70
17
43
76
28
78
27
53
34
80
54
26
67
16
62
17
58
19
68
51
76
64
17
71
15
59
24
74
22
55
25
71
20
73
16
70
18
42
26
58
80
32
78
44
66
15
63
22
61
18
54
14
69
21
65
27
51
35
78
30
62
14
70
26
78
40
39
82
47
18
67
20
77
50
81
31
60
16
51
18
73
15
68
17
72
19
39
79
31
58
16
55
79
29
75
17
49
33
81
80
26
66
23
76
59
13
63
24
52
15
74
41
40
69
13
72
14
64
33
57
56
15
30
80
36
35
82
53
54
81
28
63
79
15
70
13
65
66
17
55
38
83
48
81
26
76
15
62
23
45
44
17
52
20
69
31
82
36
76
27
71
70
12
73
48
15
60
14
71
21
22
79
34
77
13
62
12
66
31
71
16
79
78
13
73
39
27
81
23
68
67
41
82
50
19
74
30
29
77
25
79
24
58
59
18
78
16
76
41
53
14
63
19
82
15
80
29
65
19
56
34
70
22
49
26
72
21
77
14
75
76
17
80
21
74
25
75
18
68
22
75
38
60
33
79
14
58
15
72
29
61
14
81
17
73
55
26
62
80
16
53
15
77
18
79
23
42
77
19
67
14
84
47
20
79
13
75
48
80
38
70
23
82
32
73
19
106
153
103
152
102
153
101
152
98
151
97
150
99
153
105
156
121
159
123
161
122
165
125
167
129
172
131
174
132
176
135
174
130
127
126
170
129
173
133
176
136
178
139
180
137
173
132
177
134
178
138
142
143
180
138
176
139
175
131
130
168
125
124
160
119
159
120
165
127
171
128
164
125
126
167
123
164
131
170
169
125
159
115
160
118
161
120
166
127
172
133
123
160
128
163
119
165
121
158
111
24
76
12
83
33
61
11
68
40
79
28
69
12
64
26
82
14
78
22
108
102
154
104
17
69
23
109
21
107
20
59
22
46
83
13
56
23
75
27
73
23
110
157
108
20
82
22
66
13
81
35
34
83
37
62
27
77
12
71
35
55
81
18
105
19
79
17
105
152
99
110
111
26
51
74
16
103
151
100
153
97
147
146
182
139
179
141
182
140
177
135
179
137
136
122
167
132
171
172
128
174
175
176
145
144
133
177
137
181
145
185
146
94
147
148
98
146
96
149
95
151
106
18
83
21
70
28
67
43
23
65
18
60
41
78
15
75
20
76
13
84
33
65
14
80
12
58
29
78
24
83
31
74
27
113
26
77
16
82
11
71
22
62
24
109
156
107
22
109
108
23
58
46
79
37
82
25
112
157
122
159
113
97
145
178
133
166
167
121
138
172
130
175
140
63
11
67
17
103
15
85
14
74
17
82
30
61
16
104
18
108
21
68
16
102
101
15
83
19
80
25
73
33
46
75
19
107
154
101
14
49
19
64
0
66
199
61
28
114
160
120
164
124
25
65
16
47
31
125
30
56
24
73
52
67
2
64
141
177
138
61
13
80
20
106
16
86
15
81
37
76
32
68
10
71
13
82
21
78
12
67
24
110
159
124
168
121
144
182
142
65
0
60
20
111
25
81
51
14
102
156
101
150
100
155
103
157
116
29
115
163
117
161
127
38
73
21
58
126
33
82
18
107
152
104
15
102
17
78
31
53
18
80
28
83
20
105
16
75
11
60
137
174
127
173
140
183
148
95
152
94
153
104
19
109
17
60
22
110
17
63
62
139
63
128
35
79
12
83
16
107
153
96
155
108
19
69
36
77
23
111
160
117
138
179
178
135
134
171
130
39
80
23
63
199
64
1
62
11
69
30
83
22
106
15
67
0
57
13
86
40
129
41
75
26
112
98
149
180
136
177
176
146
95
145
187
147
184
143
65
46
130
44
81
21
20
87
41
62
128
27
124
167
128
33
80
22
112
29
76
10
81
16
100
149
93
146
131
132
43
81
32
126
59
60
198
66
139
183
150
94
151
96
114
23
106
17
87
18
103
149
186
143
71
28
77
40
76
18
84
24
113
20
112
17
111
21
106
158
104
156
112
27
58
32
66
1
69
39
127
36
84
15
105
154
116
30
118
159
109
25
125
34
120
141
62
2
77
63
197
60
136
174
173
126
25
83
27
80
11
73
74
12
59
199
58
43
131
177
150
185
141
172
126
37
130
163
125
61
124
28
113
25
52
13
85
23
61
12
72
22
105
159
103
14
86
18
34
127
59
16
101
147
180
168
123
36
83
54
17
108
24
124
57
125
170
171
123
169
127
63
142
70
19
81
82
42
68
31
113
22
81
30
73
14
100
15
107
158
126
30
117
142
181
182
183
145
94
157
111
18
102
157
97
98
147
186
145
184
148
181
151
93
154
99
158
96
148
92
149
178
132
133
31
124
26
27
110
21
84
35
15
65
137
67
140
64
3
78
38
52
80
31
131
42
73
45
132
48
14
66
129
175
151
105
14
55
56
16
87
39
85
32
112
24
85
36
131
34
126
38
128
30
111
19
115
95
144
119
22
88
17
83
11
77
37
114
27
125
24
80
61
198
64
142
184
141
68
1
78
4
67
22
115
164
109
16
43
129
35
64
20
104
103
19
87
13
68
199
57
123
138
59
1
76
38
84
42
19
110
26
79
21
63
12
75
21
114
165
129
36
116
28
118
157
120
139
115
25
60
122
33
116
162
102
20
109
153
152
92
143
63
198
67
3
81
9
69
25
123
56
126
63
83
50
133
179
134
61
0
71
2
61
128
166
119
32
127
37
23
53
29
114
20
85
41
132
97
156
113
140
60
125
58
28
74
20
84
45
15
99
146
188
148
100
99
14
76
11
78
19
101
160
112
18
109
28
131
44
132
61
20
117
168
185
147
175
136
32
114
26
59
136
35
87
15
108
27
66
20
81
1
55
121
27
127
40
131
176
143
39
132
46
133
95
155
106
105
164
165
181
146
187
144
98
159
95
156
103
160
109
155
98
153
180
148
97
160
104
22
73
199
65
64
197
65
11
57
14
83
39
123
62
48
84
16
111
147
99
159
111
31
134
62
199
67
129
38
87
21
105
23
116
143
62
4
5
80
2
82
10
61
141
35
117
22
120
54
199
75
3
77
17
61
24
107
162
120
23
78
0
76
42
59
140
69
10
79
1
58
119
167
118
164
30
135
62
124
37
86
31
122
121
59
198
56
12
86
26
123
134
176
150
102
118
20
53
33
138
182
149
188
144
94
110
16
72
11
70
154
94
148
189
145
40
116
27
84
12
53
84
17
107
25
119
142
186
114
18
101
13
49
132
36
113
165
32
133
64
139
65
3
69
41
140
37
115
30
76
4
68
138
35
166
34
122
170
139
172
173
134
96
108
28
55
119
42
129
65
140
62
0
73
4
61
122
171
136
45
21
113
23
87
14
104
131
22
111
28
82
3
80
57
83
23
71
39
128
34
130
47
151
183
146
100
17
115
52
2
56
0
69
152
97
135
181
153
185
148
41
88
27
132
59
11
82
29
125
36
74
13
64
125
32
77
1
70
155
122
35
126
24
106
163
111
166
31
55
122
166
134
45
129
159
96
157
113
33
75
9
65
138
66
197
59
129
26
118
39
170
36
143
95
160
181
136
34
142
62
28
164
114
19
20
103
135
31
112
35
85
19
46
77
24
123
29
110
165
178
154
120
96
144
186
146
189
152
106
19
88
44
82
24
114
38
168
149
91
145
93
158
112
23
115
20
132
38
72
142
41
42
133
174
76
2
68
151
69
48
131
26
85
16
108
144
117
37
145
42
81
4
83
26
116
57
135
46
70
9
59
0
74
2
60
127
61
139
181
147
90
144
183
137
46
81
36
141
34
23
86
17
16
103
23
107
157
71
43
133
98
158
159
106
116
21
88
38
122
22
69
18
62
196
60
128
67
142
112
185
113
17
104
15
64
136
30
79
80
16
15
50
0
79
4
54
124
35
130
176
137
33
165
117
31
109
15
78
13
55
118
119
136
102
13
88
42
130
29
164
108
49
131
41
118
29
85
40
171
146
190
147
43
173
76
175
78
10
62
138
37
168
33
134
66
143
35
121
28
165
106
18
19
129
63
123
41
134
29
137
146
111
184
150
45
13
98
128
31
84
23
59
124
44
172
37
17
89
40
143
93
150
186
141
95
135
24
120
60
30
77
5
6
62
133
23
125
39
78
25
110
32
139
69
150
44
129
37
146
89
41
169
116
18
105
24
119
40
130
36
114
94
156
183
153
70
2
3
71
156
178
168
167
33
111
161
162
101
100
158
123
55
2
57
12
82
1
63
195
52
113
186
148
187
151
185
184
140
34
86
20
110
18
55
15
98
131
19
112
136
26
130
48
153
92
156
68
5
65
1
61
84
2
81
45
83
10
67
155
93
144
63
8
68
134
27
163
180
181
105
162
96
150
104
165
115
161
96
145
39
74
18
85
51
134
22
102
142
183
107
167
36
86
4
75
25
106
182
145
88
16
99
151
44
121
57
127
65
196
46
152
90
146
66
79
32
124
23
47
80
0
77
175
128
42
142
37
87
50
138
183
154
95
163
28
86
3
83
43
139
38
14
88
25
136
40
149
101
17
114
34
112
96
156
180
134
38
170
40
73
162
114
138
58
11
74
33
139
60
135
22
53
116
93
159
97
143
94
158
72
160
116
38
82
19
113
30
87
26
108
163
74
199
47
132
28
112
16
115
130
21
103
15
111
138
70
143
187
115
155
181
152
64
128
45
71
140
185
152
117
39
129
119
21
61
136
31
126
36
169
33
142
36
53
198
62
197
47
64
196
63
146
92
145
64
9
77
172
45
152
110
184
153
69
198
57
115
28
120
33
87
22
123
147
191
148
67
135
32
83
44
137
103
163
29
106
14
56
122
27
107
20
133
35
139
31
164
101
14
89
23
118
59
3
49
137
34
78
145
38
86
32
75
174
46
127
29
165
34
123
172
38
118
53
114
31
168
115
26
88
32
166
124
65
130
43
120
53
77
199
60
12
87
4
80
15
110
50
136
22
39
138
184
108
156
91
151
191
146
39
13
89
22
114
168
119
59
6
102
155
71
198
65
144
109
51
1
0
68
149
189
147
41
125
55
20
129
96
180
162
111
29
81
11
86
145
99
5
66
154
48
141
66
8
57
73
2
66
16
104
134
117
116
164
25
127
164
102
159
67
133
53
43
86
19
130
177
79
5
58
123
40
133
27
87
2
58
198
73
10
56
85
45
199
55
117
36
135
47
137
26
125
37
167
112
37
131
24
14
98
157
70
152
186
140
68
12
36
144
61
150
42
173
45
138
34
129
18
128
70
6
72
42
140
96
152
65
148
44
143
183
109
168
32
142
60
1
85
38
144
91
147
188
155
117
25
108
169
38
113
18
100
5
106
154
92
151
190
148
39
81
0
52
133
60
4
82
83
2
79
176
157
184
107
147
64
155
49
175
132
50
12
65
125
62
84
22
132
33
166
98
179
149
97
180
141
31
121
54
21
124
39
144
71
152
43
124
170
35
115
55
113
134
30
165
187
150
46
131
68
7
105
182
151
63
3
84
34
88
20
126
45
147
84
26
106
15
102
148
69
129
21
76
199
0
63
16
79
140
49
107
134
58
122
24
136
69
159
104
113
47
106
40
126
57
17
118
94
160
96
116
25
130
95
158
73
142
188
145
66
82
34
167
186
110
31
119
29
138
32
122
46
11
85
27
165
112
21
101
151
188
143
60
194
150
51
80
9
76
47
88
18
115
147
40
141
38
171
43
137
64
151
42
135
23
162
94
149
44
27
130
72
28
123
96
176
48
139
50
111
34
14
105
183
159
68
198
48
87
29
89
148
104
6
78
176
127
17
99
13
58
130
49
152
100
164
26
89
35
77
174
73
161
182
147
95
175
48
105
5
81
8
58
137
51
3
85
143
103
41
172
74
26
140
33
121
120
155
69
78
20
106
157
52
197
70
3
76
19
102
163
93
166
36
120
40
144
87
145
109
139
95
161
129
169
119
171
77
38
148
42
170
41
80
1
67
66
196
59
35
135
96
173
78
45
110
23
132
42
12
88
4
50
178
95
164
24
90
14
60
123
23
127
35
125
21
135
69
142
51
114
98
181
103
102
180
136
49
1
56
18
64
158
92
142
66
153
93
161
71
171
74
54
116
48
133
26
109
32
141
96
138
185
156
72
199
82
15
88
40
117
27
105
4
65
157
124
58
135
44
87
51
131
20
134
47
143
37
102
5
107
28
167
94
141
142
27
129
60
195
61
126
77
10
60
148
193
149
137
117
157
91
152
187
110
44
133
21
162
25
120
27
111
185
108
30
84
57
29
78
2
86
30
138
43
197
46
139
25
163
114
186
153
47
14
63
64
130
22
31
165
180
140
72
5
87
42
2
65
156
93
131
78
177
98
125
56
133
96
172
39
121
45
133
163
97
181
138
54
5
63
131
32
164
111
168
169
32
113
166
75
1
47
17
105
28
128
37
119
53
86
24
137
31
116
188
153
67
123
30
114
154
185
144
189
150
191
145
77
179
94
170
108
42
149
39
90
153
65
85
0
72
37
122
25
76
169
37
85
12
52
112
184
158
110
28
135
136
96
126
66
43
89
154
73
173
46
2
50
156
106
183
136
80
13
100
36
118
151
41
143
67
141
60
119
38
125
25
114
147
66
199
81
142
35
171
125
20
89
28
87
52
177
80
60
132
31
127
64
4
196
58
117
29
140
51
113
16
32
167
109
186
155
91
19
128
40
104
164
74
5
62
61
3
79
11
49
129
162
100
6
108
17
116
189
153
95
171
44
147
120
57
194
63
2
59
128
71
162
26
166
109
63
154
50
131
35
100
4
39
174
43
80
178
96
169
136
42
175
160
74
140
57
137
23
163
75
176
97
146
41
150
192
152
68
37
46
85
54
196
56
7
53
139
79
6
61
143
77
4
108
31
76
171
121
62
195
56
124
172
70
158
97
130
69
199
53
134
90
15
99
165
107
14
123
144
83
9
60
126
164
117
50
51
154
100
180
157
66
151
48
13
37
147
39
168
35
144
64
124
36
137
27
115
66
136
29
121
34
171
73
155
105
40
137
52
132
94
104
21
120
59
83
37
89
16
102
146
45
141
187
138
27
109
141
42
118
98
3
88
149
192
147
86
1
84
19
122
36
115
32
89
21
131
45
89
51
0
82
141
117
187
157
92
165
75
198
197
55
11
38
167
98
2
102
181
104
43
148
68
3
72
162
122
98
183
184
109
43
125
46
103
6
57
129
46
151
62
193
60
117
28
133
38
173
124
75
8
73
166
29
102
14
74
157
190
152
108
161
68
6
105
163
22
133
47
149
86
21
59
4
97
179
153
116
166
101
39
142
185
160
69
5
57
33
143
90
13
51
179
96
182
137
69
154
161
21
107
42
144
129
178
76
136
54
122
47
20
101
12
77
22
116
35
86
49
156
67
150
65
194
9
49
135
56
115
114
174
94
140
32
170
115
50
149
61
147
67
163
183
110
53
80
146
40
174
47
152
61
196
48
128
17
65
133
93
148
192
63
148
91
15
32
130
24
163
94
128
72
144
34
169
30
131
107
3
38
90
18
130
41
119
192
58
25
121
12
99
179
75
130
103
176
44
134
23
126
78
181
95
150
40
84
0
64
198
35
167
93
139
34
33
90
36
134
21
118
27
162
115
40
172
110
154
189
121
38
143
178
101
161
104
25
84
68
169
139
70
127
20
63
88
151
189
117
67
196
150
190
118
33
124
42
86
5
78
174
72
153
50
155
65
159
72
131
27
164
94
138
25
89
39
114
8
104
18
103
24
161
119
175
96
163
69
134
48
106
27
37
170
76
144
62
145
112
66
127
28
125
16
106
184
139
29
84
52
156
61
15
68
9
55
83
6
111
188
163
30
75
175
98
136
46
0
53
178
94
180
152
128
138
52
85
2
105
157
63
191
149
41
107
168
69
197
54
158
188
115
64
160
105
67
144
92
43
194
59
31
142
95
183
141
26
120
55
196
36
102
43
151
195
66
149
90
17
85
31
167
100
172
33
3
87
148
99
6
80
145
82
5
89
142
104
120
44
74
176
51
5
104
3
73
179
47
175
43
128
68
155
125
63
134
133
37
136
185
186
151
53
111
60
11
71
4
98
171
37
118
162
24
115
21
87
11
53
157
99
168
29
88
23
136
43
140
139
24
70
151
150
92
172
75
164
103
35
173
93
168
34
80
44
15
124
30
90
155
107
182
97
173
70
136
58
9
86
0
70
177
49
127
21
102
166
72
161
63
193
59
134
39
119
28
136
33
198
54
69
149
190
143
52
114
113
7
103
54
137
62
79
199
49
150
106
170
77
129
82
132
26
138
47
154
64
78
127
95
168
76
131
85
10
43
22
103
184
137
32
12
45
151
176
153
118
58
105
39
169
178
54
10
84
28
144
46
134
65
146
145
180
179
52
101
139
44
2
97
166
25
135
38
39
88
58
181
81
1
35
145
73
7
192
146
42
195
59
8
69
158
120
170
33
141
47
11
66
171
99
126
16
91
143
74
162
112
111
25
165
100
177
45
14
13
79
183
134
57
196
44
85
144
88
5
55
124
19
118
191
154
72
170
110
30
129
93
142
38
130
74
159
114
58
131
23
14
69
6
82
2
75
161
22
106
43
149
194
50
140
36
172
105
16
40
169
121
61
197
49
133
25
86
62
106
162
67
7
80
176
117
56
193
147
79
173
34
146
190
122
63
133
103
51
88
2
69
147
46
177
128
104
1
87
6
98
164
163
99
38
1
77
177
93
152
48
137
59
182
94
120
193
44
145
177
71
199
41
128
36
111
51
136
81
198
74
124
144
97
178
123
42
89
57
180
95
173
40
102
183
160
125
42
169
113
185
109
110
5
38
137
25
141
64
195
45
127
62
11
98
184
152
72
10
63
145
118
25
91
24
127
33
112
188
118
117
38
17
129
22
137
186
108
171
41
135
170
30
122
23
164
110
171
113
29
109
50
134
75
42
177
113
161
62
112
51
178
106
38
89
44
152
136
95
167
55
195
39
115
190
144
37
166
165
96
97
31
143
27
166
74
1
50
145
79
181
94
123
124
47
115
116
19
160
70
156
73
172
93
170
118
32
108
62
158
71
7
102
47
83
84
150
113
35
123
165
116
60
191
192
61
148
179
71
121
53
194
56
157
101
135
52
82
59
122
13
103
26
142
45
87
40
0
58
127
16
92
115
187
139
30
107
108
181
133
73
64
27
17
117
190
155
66
0
99
181
123
170
97
155
48
12
58
146
88
33
115
153
154
45
135
34
116
24
87
32
2
51
86
41
90
23
101
32
128
172
44
128
16
100
161
188
173
107
185
105
15
100
19
92
134
175
154
68
150
43
126
47
87
138
41
152
73
144
143
189
156
125
7
114
149
187
167
69
173
101
6
88
134
26
163
162
75
143
82
36
1
9
117
48
157
93
178
73
176
50
195
43
16
83
17
110
167
101
182
54
118
50
104
39
133
177
43
199
84
130
70
4
106
107
58
140
53
79
198
154
108
5
85
8
52
159
91
42
122
29
167
91
140
28
90
31
120
119
17
81
60
147
38
102
151
197
32
145
36
174
97
1
83
150
39
12
89
153
73
141
78
180
74
158
55
166
105
46
149
195
65
13
83
42
196
49
141
69
178
131
18
99
184
95
96
185
57
193
152
50
175
52
122
20
130
50
177
95
151
65
160
21
132
29
169
114
189
159
94
136
20
165
23
38
197
45
137
72
196
52
199
80
71
154
121
37
173
77
181
93
162
103
57
81
140
47
131
82
183
58
197
63
105
19
131
163
28
104
124
41
0
102
174
111
35
83
53
113
98
135
61
188
120
180
99
155
193
65
45
176
141
140
35
165
71
115
158
183
96
142
53
192
153
103
169
72
157
68
167
73
139
85
4
3
97
126
27
82
43
88
11
120
12
28
198
44
178
118
139
90
164
30
112
172
76
142
46
175
107
6
56
180
101
4
109
18
127
48
4
31
138
23
119
7
60
106
7
121
26
111
179
100
33
110
64
146
122
5
75
10
59
139
51
91
137
28
88
24
133
84
141
188
164
66
156
90
22
125
59
199
98
16
116
191
144
33
195
58
57
24
109
170
70
162
113
48
85
148
40
3
99
169
35
101
55
40
151
74
175
79
27
89
19
135
78
128
47
173
75
170
31
115
166
125
93
165
136
182
167
54
141
52
184
119
69
138
60
151
67
12
81
179
113
39
84
11
42
152
194
195
67
21
138
85
86
132
104
48
143
127
7
111
187
186
62
190
9
66
198
82
9
78
183
94
155
156
192
64
104
182
98
161
23
130
44
102
22
162
128
20
116
8
109
49
154
91
14
15
125
34
87
86
150
53
154
194
62
13
40
135
26
105
177
119
182
71
163
91
36
138
57
191
155
74
136
168
56
197
72
181
100
46
54
0
153
63
128
174
120
35
11
51
133
66
160
122
68
160
188
119
26
196
153
46
180
76
165
111
32
121
30
140
189
157
51
106
2
84
7
101
13
33
108
148
45
140
39
116
171
103
14
128
65
10
117
41
137
164
106
17
123
122
168
40
175
115
5
112
113
189
112
45
82
49
115
38
124
66
172
95
185
110
145
68
171
30
85
33
131
179
56
100
184
116
52
104
42
147
59
197
77
130
68
196
35
174
98
178
71
134
43
142
80
126
6
123
73
58
193
42
198
47
93
114
26
165
72
12
130
61
157
8
105
22
166
117
183
97
15
31
163
73
6
118
150
55
192
59
19
107
44
154
62
89
33
164
122
183
80
197
50
158
108
175
41
106
21
136
48
193
146
47
178
67
139
52
3
43
79
129
128
88
1
78
138
163
66
7
100
54
176
95
162
64
157
95
169
134
182
57
4
155
146
35
189
62
117
42
174
96
32
172
118
57
36
103
20
87
153
56
132
71
159
89
3
81
15
112
24
141
37
148
70
176
65
111
169
120
135
73
164
22
85
84
4
104
154
190
170
102
182
82
133
30
142
100
14
96
127
26
107
179
93
21
90
44
119
10
58
79
18
161
131
91
13
50
143
83
149
99
33
125
8
120
42
137
60
149
72
9
126
15
108
183
52
53
13
38
175
94
173
125
75
7
189
115
34
110
69
166
54
114
167
27
141
65
167
76
0
48
140
178
117
18
107
187
109
147
35
81
37
114
47
136
53
181
113
3
42
172
156
98
5
70
199
86
161
69
60
131
39
171
133
41
145
85
199
198
55
181
137
50
106
57
168
104
29
135
125
17
66
132
24
118
69
157
77
144
48
173
92
42
17
112
49
80
12
73
1
153
107
9
54
151
89
105
41
11
57
133
87
10
70
164
97
45
194
121
20
160
93
130
180
103
40
19
138
83
152
196
53
162
17
122
7
76
56
158
52
163
86
4
74
169
92
138
53
176
36
171
45
178
79
143
34
117
150
195
44
0
154
74
131
94
41
101
1
66
135
50
160
107
56
165
33
23
140
187
121
6
129
62
192
145
65
102
175
138
46
9
104
151
51
100
25
112
185
155
62
136
101
19
110
156
100
20
80
130
110
22
127
77
184
59
168
67
198
97
177
109
172
68
174
80
179
72
183
100
11
64
88
36
198
77
150
70
119
51
173
149
67
9
71
137
169
25
85
43
153
64
197
74
181
120
32
114
191
122
40
4
28
134
49
176
110
162
28
195
37
132
30
127
69
196
45
130
169
122
177
186
111
178
46
90
52
108
16
160
49
139
185
75
145
57
1
33
83
5
128
11
77
142
166
104
96
5
124
7
108
20
70
174
41
91
55
133
180
98
21
188
189
120
186
113
24
83
199
65
8
112
46
199
76
164
28
103
17
89
156
48
145
90
163
113
148
58
84
13
97
196
7
58
188
138
48
177
114
180
92
119
191
142
169
191
40
75
152
67
77
148
90
172
121
60
190
123
50
180
55
8
38
146
59
13
72
155
52
22
57
87
2
154
187
116
56
121
157
158
117
59
153
42
143
53
166
30
141
80
198
100
26
122
152
0
49
151
85
9
115
171
94
109
5
73
159
167
37
106
166
71
110
4
89
54
104
27
86
146
78
182
95
194
66
162
124
177
127
193
55
131
147
30
3
96
168
73
170
68
120
10
129
51
195
122
45
10
48
89
11
43
123
150
91
120
41
179
101
16
124
174
44
179
118
35
175
53
135
89
24
165
98
36
146
62
3
157
87
199
78
171
131
12
13
124
27
168
55
156
62
113
190
63
150
72
175
131
64
120
66
125
54
147
96
117
52
110
182
93
137
17
87
88
140
31
91
61
198
70
178
105
25
134
74
8
50
157
6
50
141
81
129
47
195
154
46
172
108
14
99
183
49
158
189
111
21
65
16
114
28
27
139
42
176
128
50
96
184
82
181
101
8
107
164
54
134
67
179
170
128
8
84
32
104
179
116
161
77
178
52
92
23
102
58
82
16
90
150
129
28
95
188
114
20
119
9
127
38
123
55
191
37
20
137
53
193
39
136
18
111
171
31
99
197
149
148
194
167
105
3
58
133
19
104
41
177
126
62
196
33
63
152
115
69
181
56
102
34
153
169
106
185
100
178
130
53
165
74
179
95
118
164
72
19
78
122
72
2
80
148
46
141
83
158
75
0
35
97
6
66
150
45
173
71
151
191
64
170
43
2
95
128
18
98
7
156
51
194
156
53
109
22
136
79
174
117
188
110
15
49
39
1
100
173
41
195
53
141
190
189
80
135
100
22
134
40
71
131
13
121
9
29
97
46
155
59
169
141
114
185
61
145
72
17
130
31
23
108
19
117
32
64
123
186
77
86
142
49
172
106
3
53
179
119
33
146
68
129
24
138
139
108
57
190
79
7
158
105
55
54
140
92
14
38
149
21
94
121
183
73
131
181
96
186
104
112
159
15
101
5
114
48
158
68
143
26
113
155
189
10
76
187
62
0
50
183
75
142
61
194
69
125
181
154
67
87
25
81
196
149
52
191
47
130
76
157
94
143
39
139
22
160
17
147
81
182
60
75
197
67
23
116
55
135
63
138
38
113
20
109
34
145
84
152
88
163
123
191
153
49
128
56
112
6
89
59
152
32
166
89
15
35
73
184
124
154
88
53
148
71
168
26
117
167
39
9
186
58
168
120
6
85
192
118
187
141
43
108
40
5
127
92
131
166
96
197
46
194
42
103
170
67
177
92
37
120
56
190
53
103
182
122
4
193
54
144
30
137
85
0
69
164
182
76
159
38
104
171
70
116
6
37
88
168
75
184
78
144
184
94
27
135
24
104
7
62
132
14
52
36
113
33
129
130
7
112
168
144
69
70
15
98
99
176
77
167
92
155
56
199
75
131
89
30
168
91
53
180
48
8
72
73
197
196
195
81
6
122
189
141
125
152
114
173
105
45
180
113
50
17
107
143
185
170
25
10
115
135
51
161
102
185
74
0
61
158
186
83
163
27
93
174
106
182
51
138
33
123
19
159
48
107
2
77
8
131
29
133
83
29
146
85
57
34
99
162
68
153
91
34
69
19
121
10
57
123
44
138
18
119
157
108
71
5
158
47
46
26
61
154
4
102
13
133
61
105
23
22
71
138
49
174
101
184
60
188
187
59
150
198
78
169
66
178
90
12
123
197
25
140
21
150
31
119
50
23
128
86
22
104
74
147
65
149
165
109
158
53
2
70
120
147
191
124
25
109
169
193
81
65
192
143
32
91
115
192
60
3
88
35
126
58
194
146
100
160
72
177
103
0
38
176
93
180
68
137
37
103
27
119
30
97
175
80
180
75
116
181
57
164
78
196
73
122
8
113
144
45
174
144
79
12
11
118
65
162
187
144
66
43
129
94
114
175
64
1
31
193
153
62
148
84
9
129
189
59
183
104
13
120
47
127
41
87
54
6
64
194
161
74
89
56
167
146
67
130
62
16
121
63
140
61
19
127
51
107
180
96
187
156
107
37
147
52
142
84
18
102
160
55
112
175
69
150
23
1
45
153
199
82
197
42
90
158
196
148
39
173
66
152
151
72
172
97
48
150
78
166
21
110
29
163
89
138
137
6
111
155
5
116
50
192
42
181
124
185
79
193
10
157
85
129
175
120
100
27
92
15
76
177
89
140
83
132
41
161
49
186
94
48
123
196
71
33
177
142
87
60
145
28
170
38
174
52
164
19
148
57
169
93
144
86
8
108
177
51
132
20
135
179
92
160
67
0
98
168
36
121
4
72
18
91
30
120
20
111
141
29
38
145
81
10
122
172
79
35
132
188
63
124
31
32
112
190
25
128
178
72
1
86
143
55
151
86
20
58
103
119
89
150
60
194
49
146
71
180
79
29
196
40
132
91
117
191
54
153
33
102
63
158
81
14
77
199
39
102
158
66
121
165
174
136
38
84
143
76
39
179
193
43
131
177
54
101
177
68
165
21
12
100
192
154
117
37
10
99
185
101
43
87
7
34
193
97
162
19
137
167
70
159
40
140
119
128
168
41
148
64
198
85
152
197
37
134
24
107
183
56
154
28
139
54
120
29
64
48
171
67
10
52
160
145
52
118
142
8
88
90
4
42
105
53
99
19
114
187
83
73
157
156
80
147
101
198
46
164
87
136
67
194
40
178
113
44
132
63
54
156
58
138
22
126
192
98
23
24
93
159
100
169
41
121
177
115
161
191
62
12
36
173
91
111
54
162
90
125
186
74
142
44
126
14
104
20
152
25
142
79
197
124
29
92
181
52
193
49
144
32
136
172
43
144
106
187
119
110
35
124
168
68
179
103
15
75
175
143
73
117
21
108
9
159
131
22
88
31
166
46
190
116
58
108
166
57
187
48
199
96
151
81
4
115
26
199
51
110
16
107
45
149
73
181
91
139
56
188
133
89
147
34
176
116
67
83
63
147
68
1
82
33
114
35
141
75
153
57
174
122
156
64
190
97
137
177
65
161
50
85
161
7
109
3
153
71
160
77
76
170
47
85
195
70
44
173
135
102
46
128
3
83
34
172
37
2
1
121
53
115
191
167
90
25
62
185
58
192
116
30
197
43
13
158
38
118
5
67
145
55
189
110
178
74
144
95
174
55
165
45
172
77
182
70
85
133
20
40
149
71
21
128
102
25
120
7
6
67
104
1
67
167
30
146
91
141
101
183
133
8
115
157
80
14
107
11
119
183
111
16
54
194
57
117
49
123
61
160
88
153
60
183
145
37
149
23
158
77
33
133
142
78
18
66
10
26
169
97
12
56
127
89
46
92
178
120
0
83
160
130
6
110
27
161
196
63
12
88
4
99
8
81
27
112
179
188
121
193
174
69
68
199
155
35
92
26
161
70
153
51
59
167
72
135
155
44
175
190
5
64
166
118
18
113
159
82
138
73
161
17
109
33
168
28
123
65
143
36
104
16
123
173
146
61
184
108
46
156
69
176
132
32
123
8
106
186
122
92
91
182
80
190
41
3
66
193
194
163
112
22
94
95
186
105
90
10
124
45
111
42
27
118
7
8
141
70
175
81
23
163
51
190
45
136
17
67
106
15
123
70
165
32
171
124
36
139
190
58
147
87
0
78
140
52
148
82
186
75
138
61
107
142
192
94
137
35
90
151
198
65
172
116
155
37
61
2
48
195
68
142
127
42
109
175
58
125
191
97
39
130
46
86
10
128
4
53
167
106
31
61
117
11
121
72
118
40
160
6
46
121
22
147
40
192
193
61
96
143
59
148
66
105
165
85
134
180
104
26
80
3
154
65
169
110
24
74
112
48
18
147
43
180
81
192
57
197
34
185
51
144
41
114
9
47
181
121
161
48
72
184
105
15
65
158
191
96
177
64
22
168
38
131
62
150
100
182
50
196
122
66
175
99
16
118
30
96
1
76
185
83
139
58
170
36
112
173
98
160
110
177
146
155
60
193
38
100
28
116
62
29
8
119
194
80
187
135
59
185
104
23
139
71
181
59
106
133
95
62
139
7
31
92
43
42
134
2
86
164
84
196
99
182
109
188
77
183
135
86
198
50
98
186
126
7
117
180
90
170
132
178
177
75
12
96
19
85
3
103
158
179
55
164
92
182
116
93
187
56
5
123
189
52
162
30
125
145
40
82
150
149
32
134
27
17
102
179
70
124
14
97
184
79
151
21
81
178
160
73
110
131
167
197
157
133
68
197
98
17
193
29
142
176
127
80
196
39
107
29
115
65
75
159
107
3
126
172
142
48
125
11
76
125
6
52
198
63
94
150
27
140
46
171
105
9
143
187
129
11
157
67
29
154
75
19
65
142
54
78
172
94
127
60
45
91
129
179
48
153
113
31
165
91
54
184
123
26
137
12
33
173
102
20
124
22
83
7
42
0
27
132
52
166
68
176
56
144
13
136
5
95
119
190
50
100
176
87
39
85
28
138
189
96
105
35
154
98
26
109
23
112
181
76
114
21
113
15
158
8
69
142
179
123
9
98
37
101
46
145
169
160
159
53
146
75
163
97
51
117
24
136
55
90
157
104
150
197
120
34
165
50
193
166
28
108
174
63
167
78
158
58
182
52
111
29
80
153
76
145
42
130
25
113
81
13
90
32
100
195
86
152
39
77
138
56
83
197
71
164
25
107
174
75
136
109
186
53
7
179
146
93
18
120
153
104
176
37
49
118
148
16
103
4
87
36
147
91
28
49
173
74
141
59
131
49
110
86
55
188
140
6
127
83
182
105
14
159
60
5
84
144
68
20
168
54
24
131
65
171
143
122
12
132
18
106
10
116
144
193
51
155
3
86
130
63
162
101
34
134
17
92
170
74
177
55
122
33
183
70
147
62
152
43
192
114
178
94
93
40
8
23
157
39
46
134
73
180
30
175
133
189
172
52
150
39
122
28
194
85
7
115
167
49
178
122
102
53
160
8
124
199
103
44
164
77
154
59
80
0
37
168
77
105
33
151
63
195
96
47
139
89
155
58
189
61
35
5
100
193
157
62
22
118
9
89
165
119
66
137
21
135
1
152
79
128
194
8
67
114
170
56
161
81
150
98
181
41
191
190
121
88
25
101
186
140
66
161
124
192
45
157
22
111
69
16
96
21
104
10
11
72
127
136
59
198
22
172
67
132
102
42
107
188
78
36
122
62
142
7
114
95
29
137
49
87
156
75
123
3
29
162
61
144
12
49
159
17
165
145
51
30
117
194
151
31
141
185
48
103
183
118
43
176
129
63
79
33
116
193
64
149
15
109
59
193
46
196
6
128
35
19
120
22
130
185
135
16
77
189
170
63
143
180
94
50
184
7
74
196
23
99
187
112
180
52
136
90
166
36
136
27
169
89
152
57
110
20
97
11
114
158
93
92
24
108
153
195
40
131
9
59
126
18
129
40
125
195
94
168
86
141
63
136
68
0
45
155
36
89
149
49
171
40
107
71
157
54
179
91
135
37
36
194
101
24
167
71
175
127
97
16
112
50
129
64
88
79
159
83
183
81
190
48
165
102
31
145
11
160
176
118
133
40
181
135
60
146
138
88
61
170
53
197
66
174
141
58
91
23
63
155
179
106
126
65
164
96
4
50
126
169
75
9
163
43
150
196
65
38
148
51
191
98
170
78
195
25
132
10
82
193
95
190
133
182
72
136
19
109
89
180
58
120
4
41
151
19
161
94
177
84
1
62
199
119
43
44
146
79
1
71
36
15
104
114
36
187
110
38
156
70
25
160
114
156
93
16
129
89
59
99
159
103
19
11
188
123
153
26
76
46
126
176
95
45
131
77
78
173
55
178
64
2
113
184
118
198
76
8
83
192
54
148
115
24
147
73
166
34
158
131
180
67
169
42
150
22
72
32
116
90
179
47
194
38
185
175
37
113
69
162
83
21
153
30
173
118
180
125
47
155
101
36
3
76
135
48
16
85
197
17
128
60
39
127
34
140
33
145
49
98
178
53
119
6
186
134
19
88
5
106
20
161
61
137
14
103
127
81
24
130
28
121
8
147
85
65
150
107
176
59
142
85
21
139
57
165
108
188
54
163
98
189
162
42
101
169
108
185
94
26
73
198
71
119
82
18
121
52
100
15
115
58
149
133
16
71
58
124
67
113
4
123
139
177
66
146
191
39
144
35
98
2
156
141
104
46
11
108
123
31
129
164
53
89
171
96
25
115
62
87
163
72
156
79
171
91
17
135
57
161
10
69
149
35
55
134
77
124
30
106
1
88
55
6
117
182
152
172
69
135
23
117
186
57
177
26
128
51
175
43
93
181
51
116
188
50
10
185
52
120
33
167
28
126
37
70
154
78
162
56
166
100
149
44
98
12
27
114
190
83
131
37
116
11
106
26
136
78
175
122
2
89
49
101
159
54
173
68
159
16
60
154
36
85
2
81
174
130
170
39
105
18
109
6
33
193
102
8
9
142
56
145
89
113
17
111
38
150
47
132
39
147
71
111
1
52
194
145
12
128
184
81
71
8
117
35
195
155
54
92
158
67
131
11
31
195
45
179
144
80
185
119
19
169
194
79
31
162
195
32
89
23
103
7
137
100
144
58
152
161
76
151
199
65
114
46
123
114
55
121
29
90
91
185
103
175
92
12
125
70
180
97
41
164
186
172
47
152
106
180
54
165
30
195
77
123
176
40
183
31
111
11
38
147
81
191
63
39
119
146
109
164
80
140
55
128
40
86
148
94
108
13
148
187
102
27
76
169
50
142
42
166
120
187
50
159
88
10
61
151
196
119
58
164
51
166
35
157
48
152
72
171
112
19
126
64
196
25
136
148
65
155
43
161
67
128
7
82
191
10
74
199
15
134
29
170
34
100
12
102
181
49
188
84
66
25
126
199
97
147
93
5
129
21
161
103
152
198
160
14
110
80
30
95
15
127
187
61
118
10
135
41
11
78
179
57
90
165
133
18
149
62
190
124
86
64
140
184
92
50
121
186
130
150
40
174
194
43
132
34
119
192
177
99
22
108
48
146
40
31
65
136
43
110
163
53
96
154
37
169
94
28
197
22
141
32
125
158
89
47
166
20
29
152
69
165
75
178
56
122
16
105
24
114
38
129
44
106
148
79
117
152
42
93
46
115
60
198
156
76
164
178
28
155
55
85
61
195
98
47
160
193
73
13
85
183
38
78
163
74
3
71
179
94
142
82
152
33
17
55
194
158
51
115
99
30
31
137
107
19
87
127
128
188
26
86
197
41
113
5
125
174
50
2
133
23
111
127
167
48
132
169
35
189
143
31
77
49
124
92
153
133
11
127
173
42
108
176
63
159
36
145
29
112
39
123
54
90
143
71
172
80
188
171
107
27
111
12
103
172
70
30
130
199
81
16
150
0
135
39
89
69
195
76
128
38
177
81
156
176
96
2
66
154
68
134
189
116
25
93
183
106
161
112
11
79
14
122
162
75
59
149
84
194
116
19
139
40
100
124
40
121
17
105
0
88
13
55
162
62
186
92
120
177
43
19
189
64
191
44
91
180
41
49
105
149
170
121
43
10
77
0
95
178
99
11
165
175
93
110
7
119
16
67
37
52
192
34
114
154
48
176
130
59
51
131
81
144
28
171
39
109
36
127
195
123
27
3
120
51
7
131
46
109
66
198
107
38
125
57
159
18
101
21
116
168
110
184
129
193
9
10
126
60
93
66
13
105
59
96
24
90
168
101
14
130
18
162
86
5
139
188
98
33
171
197
65
165
79
149
103
17
148
88
38
140
35
191
113
53
127
61
169
199
63
6
26
89
7
113
64
44
135
184
80
192
163
32
186
60
0
73
119
56
137
161
88
71
10
130
40
158
138
25
98
176
64
10
100
133
47
137
70
12
151
91
142
37
171
54
21
87
167
17
126
8
56
146
15
93
135
68
105
155
49
166
62
125
41
159
20
112
44
153
35
84
175
137
125
25
41
79
191
136
30
161
126
45
118
182
94
193
142
121
182
73
150
57
84
16
136
178
78
190
181
115
6
180
49
115
22
106
49
70
131
41
147
139
82
4
126
21
84
137
91
11
59
182
89
178
42
110
54
189
45
132
55
152
196
31
112
63
90
183
137
46
146
39
126
188
38
120
90
45
102
114
10
148
36
118
52
146
196
130
13
147
67
83
155
106
139
174
65
170
20
199
100
148
175
31
194
82
146
184
104
170
75
167
32
142
190
98
164
154
34
122
18
123
0
33
9
160
187
81
157
91
144
21
133
25
129
15
87
160
80
17
108
146
69
60
169
69
3
45
162
89
29
117
54
135
4
76
163
44
96
29
69
177
97
185
61
183
53
173
34
194
44
128
81
33
92
113
168
78
176
72
168
74
182
101
31
107
145
70
151
26
120
9
102
198
67
193
145
115
193
120
182
150
64
14
94
134
62
138
30
109
16
162
73
140
60
29
198
83
75
166
85
1
155
30
82
22
13
93
104
35
135
58
191
53
187
132
92
62
35
142
111
65
178
138
123
14
136
40
114
52
129
36
56
190
122
31
164
67
138
55
186
52
77
159
25
114
79
19
111
157
195
97
10
137
44
124
96
184
136
88
125
37
143
49
84
154
180
142
10
180
77
47
93
149
83
165
73
130
5
112
21
171
58
131
54
160
94
45
133
185
165
59
188
28
119
189
49
195
26
90
34
178
93
141
24
99
160
90
3
102
178
38
76
196
82
149
134
66
196
34
136
179
162
104
111
34
161
79
4
127
7
155
50
148
23
155
117
13
98
32
146
38
192
160
111
50
88
35
145
96
190
84
184
111
2
46
163
85
112
136
103
30
197
69
12
116
27
142
55
158
61
141
28
11
83
92
19
95
155
53
172
56
189
94
52
135
45
109
125
14
147
32
139
50
173
41
8
64
130
182
96
13
101
172
111
188
144
70
194
48
116
177
52
98
43
134
51
198
25
91
127
59
170
41
175
192
4
73
126
93
22
165
103
47
165
138
47
197
63
109
21
42
153
194
131
48
121
14
78
29
164
148
43
123
169
29
44
152
83
191
164
75
119
42
165
130
17
110
67
159
39
6
131
191
168
66
115
183
175
63
188
8
100
197
164
24
149
159
42
132
23
129
195
120
24
125
44
156
71
199
87
29
161
105
19
150
88
2
104
172
40
193
81
130
105
57
156
61
168
135
190
102
6
71
56
28
72
155
69
157
100
186
93
179
69
90
111
8
98
5
43
196
86
19
84
36
126
150
17
101
170
62
83
146
37
129
197
96
172
35
68
148
55
110
183
95
148
34
169
23
88
20
115
131
66
0
81
31
10
127
52
176
25
134
45
170
105
187
147
176
46
79
188
97
174
47
108
18
76
184
138
52
28
88
178
97
134
64
160
113
46
153
81
105
180
72
114
13
82
164
143
108
51
162
25
67
133
44
11
80
186
97
22
123
58
198
125
18
160
37
38
189
109
176
75
181
58
87
151
45
54
121
35
193
16
95
177
106
47
145
9
70
168
184
74
23
113
133
15
122
94
20
91
158
16
75
35
125
193
148
102
195
71
104
18
89
65
151
58
121
5
115
186
72
143
29
99
120
167
35
186
162
125
31
139
61
111
5
140
30
144
42
117
19
98
34
129
13
124
46
149
90
5
80
178
59
3
33
90
156
39
164
14
28
173
110
10
108
2
142
34
188
131
155
102
64
78
194
27
93
173
20
83
181
37
166
129
160
161
54
84
161
192
95
60
44
130
48
191
61
149
54
175
57
185
107
43
12
101
53
90
118
46
5
82
183
139
39
121
196
7
157
4
92
174
94
153
52
184
95
145
34
168
100
3
114
15
107
17
77
152
40
83
121
112
47
167
57
107
13
137
81
163
65
175
166
66
170
51
3
89
11
68
193
117
189
26
108
39
182
55
2
68
156
47
91
15
195
82
162
72
139
130
35
158
98
144
78
122
49
97
31
185
129
7
73
128
29
192
84
178
63
25
131
199
121
167
126
11
146
42
141
181
29
166
38
152
54
115
96
27
90
147
103
13
79
68
117
10
78
185
110
137
99
172
65
6
95
181
110
3
175
42
79
58
104
173
79
187
76
9
125
26
130
151
85
140
8
130
121
195
148
67
199
84
116
158
143
47
21
107
18
58
165
31
192
127
37
119
59
179
133
22
145
91
177
86
153
19
186
138
70
170
60
160
38
171
138
64
168
102
34
49
119
26
57
88
145
62
169
51
114
56
40
106
63
17
127
44
136
28
81
189
132
181
97
152
46
180
26
114
6
72
86
113
47
159
175
48
156
196
98
167
79
160
133
0
84
128
37
191
93
109
10
98
54
93
20
66
142
36
9
25
111
161
91
14
198
72
132
162
22
125
59
39
149
42
131
19
54
151
42
179
158
82
16
87
60
123
190
18
117
71
23
134
20
71
38
130
57
145
77
7
116
143
13
138
159
189
100
7
138
35
127
74
162
6
118
155
20
120
6
113
52
197
48
178
43
135
188
45
164
30
115
3
108
27
152
61
99
12
96
106
23
114
163
40
185
85
193
119
86
14
96
175
85
149
36
117
12
105
143
119
172
84
46
13
188
104
34
